#detector,X,Y,usage,trap
s0139,1812349,587174,28 36 42 0 0,/rt
s0143,1816719,567016,30 53 22 29 0,/rt
s0145,1817733,567109,30 53 22 29 0,/rt
s0160,1816699,567629,30 53 22 26 0,/rt
s0193,1805693,601311,30 35 35 30 0,/rt
s0195,1784039,564763,30 31 40 16 0,/rt
s0240,1816709,567862,30 53 22 26 0,/rt
s0243,1812422,587171,28 36 42 0 0,/rt
s0301,1784711,571160,30 31 40 16 0,/rt
s0303,1783846,570799,30 31 40 16 0,/rt
s0306,1783672,568960,30 31 40 16 0,/rt
s0308,1783846,566260,30 31 40 16 0,/rt
s0311,1783910,564953,30 31 40 16 0,/rt
s0312,1784127,563671,30 31 40 16 0,/rt
s0314,1782953,561357,30 31 40 36 0,/rt
s0317,1783828,565553,30 31 40 16 0,/rt
s0340,1813120,566989,30 53 22 26 0,/rt
s0347,1793797,590493,30 32 34 29 0,/rt
s0352,1792669,590604,30 32 34 29 0,/rt
s0353,1792301,590712,30 32 34 29 0,/rt
s0355,1791294,591554,30 32 34 29 0,/rt
s0357,1790476,592417,30 32 34 29 0,/rt
s0358,1789940,594591,30 32 34 29 0,/rt
s0359,1790317,592874,30 32 34 29 0,/rt
s0360,1790567,592183,30 32 34 29 0,/rt
s0415,1803154,574312,30 31 36 31 0,/rt
s0471,1789358,595777,30 32 34 29 0,/rt
s0571,1805632,573275,30 31 36 31 0,/rt
s0572,1804094,574248,30 31 36 31 0,/rt
s0639,1800439,617621,30 46 39 26 0,/rt
s0640,1803319,596805,30 35 35 30 0,/rt
s0641,1803640,596074,30 35 35 30 0,/rt
s0643,1805464,591691,30 35 35 30 0,/rt
s0705,1804009,600650,30 35 35 30 0,/rt
s0759,1800170,617621,4 46 39 26 0,/rt
s0762,1790191,602996,30 38 36 19 0,/rt
s0763,1789221,603333,30 38 36 19 0,/rt
s0764,1788149,603580,30 38 36 19 0,/rt
s0765,1804523,600988,30 35 35 30 0,/rt
s0766,1804769,602365,30 35 35 30 0,/rt
s0873,1789735,603117,30 38 36 19 0,/rt
s1018,1790631,592077,30 32 34 29 0,/rt
s1022,1809607,591845,28 36 42 0 0,/rt
s1024,1786749,596065,30 32 34 29 0,/rt
s1028,1783888,565205,30 31 40 16 0,/rt
s1029,1784302,564089,30 31 40 16 0,/rt
s1056,1806621,573322,30 31 36 31 0,/rt
s1058,1807661,568500,30 31 36 31 0,/rt
s1059,1808874,561547,30 31 36 31 0,/rt
s1061,1810360,559046,30 31 36 31 0,/rt
s1065,1805830,563608,30 31 36 31 0,/rt
s1066,1807014,565753,30 31 36 31 0,/rt
s1067,1785572,557926,30 30 33 28 0,/rt
s1070,1792458,604815,30 40 36 19 0,/rt
s1071,1792266,605059,30 40 36 19 0,/rt
s1073,1785266,609179,30 38 20 37 0,/rt
s1074,1787046,610387,30 38 20 37 0,/rt
s1075,1787209,610412,30 38 20 37 0,/rt
s1076,1788194,610844,30 38 20 37 0,/rt
s1077,1789160,610660,30 38 20 37 0,/rt
s1079,1790673,607926,30 38 20 37 0,/rt
s1083,1787938,622442,30 38 25 29 0,/rt
s1084,1790048,624731,30 30 36 26 0,/rt
s1085,1789022,627838,30 30 36 27 0,/rt
s1086,1789085,629136,30 30 36 27 0,/rt
s1091,1798754,581851,30 33 42 29 0,/rt
s1092,1798661,582578,30 33 42 29 0,/rt
s1093,1798497,584078,30 33 42 29 0,/rt
s1094,1799286,586520,30 33 42 29 0,/rt
s1095,1798972,586196,30 33 42 29 0,/rt
s1096,1798483,584901,30 33 42 29 0,/rt
s1151,1793368,561228,30 34 33 41 0,/rt
s1152,1793505,561388,30 34 33 41 0,/rt
s1175,1784394,563827,30 31 40 16 0,/rt
s1179,1788671,603406,30 38 36 19 0,/rt
s1183,1783597,562682,30 31 40 36 0,/rt
s1194,1794558,600174,30 34 37 28 0,/rt
s1196,1789800,591055,30 32 34 29 0,/rt
s1198,1789243,590611,30 32 34 29 0,/rt
s1200,1796143,601661,30 29 27 27 0,/rt
s1201,1795967,602042,30 29 27 27 0,/rt
s1202,1809962,580891,30 55 19 32 0,/rt
s1203,1810193,580731,30 55 19 32 0,/rt
s1211,1803399,582522,30 31 36 31 0,/rt
s1212,1802739,582582,30 31 36 31 0,/rt
s1213,1801988,582750,30 31 36 31 0,/rt
s1214,1795563,583041,30 25 33 24 0,/rt
s1215,1795408,584072,30 25 33 24 0,/rt
s1216,1795532,583472,30 25 33 24 0,/rt
s1217,1796990,577283,30 25 33 24 0,/rt
s1218,1796912,576942,30 25 33 23 0,/rt
s1220,1794262,549462,30 24 31 38 0,/rt
s1225,1798169,578017,30 33 42 29 0,/rt
s1226,1797777,576286,30 33 42 29 0,/rt
s1227,1796956,573833,30 33 42 29 0,/rt
s1228,1796842,573398,30 33 42 29 0,/rt
s1229,1796540,572482,30 33 42 29 0,/rt
s1230,1794930,568143,30 33 42 29 0,/rt
s1231,1792171,563817,30 33 42 29 0,/rt
s1232,1783664,565942,30 31 40 16 0,/rt
s1233,1787238,563446,30 14 42 21 0,/rt
s1234,1786569,563790,30 14 42 21 0,/rt
s1235,1787370,563348,30 14 42 21 0,/rt
s1239,1786071,564306,30 14 42 21 0,/rt
s1240,1791338,614765,30 33 42 26 0,/rt
s1241,1791206,614039,30 33 42 26 0,/rt
s1248,1796312,542942,30 24 31 38 0,/rt
s1250,1788468,590064,30 32 34 29 0,/rt
s1254,1786627,590129,30 32 34 29 0,/rt
s1256,1785027,589918,30 32 34 29 0,/rt
s1269,1801054,550592,30 24 31 38 0,/rt
s1270,1809332,560519,30 31 36 31 0,/rt
s1274,1800440,536392,30 36 28 37 0,/rt
s1282,1807165,583567,0 31 19 0 0,/rt
s1283,1798442,596486,30 35 35 30 0,/rt
s1297,1798262,556703,30 13 41 30 0,/rt
s1298,1798202,556571,30 13 41 30 0,/rt
s1347,1793406,551555,30 0 0 0 0,/rt
s1357,1813081,581969,30 55 19 29 0,/rt
s1358,1813090,581960,30 55 19 29 0,/rt
s1359,1809814,591192,28 36 42 0 0,/rt
s1360,1809799,591191,28 36 42 0 0,/rt
s1361,1793688,620145,30 50 31 30 0,/rt
s1366,1793730,603574,30 40 36 19 0,/rt
s1368,1793948,561320,30 34 33 41 0,/rt
s1399,1796552,622661,30 29 36 31 0,/rt
s1400,1798359,560510,30 13 41 30 0,/rt
s1401,1807265,581660,30 55 19 29 0,/rt
s1402,1807270,581353,30 55 19 29 0,/rt
s1404,1802925,547872,30 24 31 38 0,/rt
s1406,1810811,556639,30 33 33 33 0,/rt
s1410,1799934,546820,30 24 31 38 0,/rt
s1411,1802554,548033,30 24 31 38 0,/rt
s1412,1802041,548157,30 24 31 38 0,/rt
s1418,1794558,600174,30 34 37 28 0,/rt
s1419,1794558,600174,30 34 37 28 0,/rt
s1420,1809894,556401,30 33 33 33 0,/rt
s1421,1807022,555424,30 33 33 33 0,/rt
s1422,1806246,552305,30 33 33 33 0,/rt
s1428,1797248,573188,0 40 42 29 0,/rt
s1429,1804413,594474,0 0 0 30 0,/rt
