#detector,X,Y,usage,trap
s0139,1812349,587174,30 33 27 0 65,/rt
s0143,1816719,567016,31 40 34 37 20,/rt
s0145,1817733,567109,31 40 34 37 20,/rt
s0160,1816699,567629,31 40 34 37 20,/rt
s0193,1805693,601311,31 37 26 34 31,/rt
s0195,1784039,564763,31 0 77 25 28,/rt
s0240,1816709,567862,31 40 34 37 0,/rt
s0243,1812422,587171,30 33 27 0 5,/rt
s0257,1806223,598212,15 14 0 0 0,/bs
s0301,1784711,571160,31 39 38 25 28,/rt
s0303,1783846,570799,31 39 38 25 28,/rt
s0306,1783672,568960,31 39 38 25 28,/rt
s0308,1783846,566260,31 0 77 25 28,/rt
s0311,1783910,564953,31 39 38 25 28,/rt
s0312,1784127,563671,31 39 38 25 28,/rt
s0314,1782953,561357,31 39 38 25 28,/rt
s0317,1783828,565553,31 39 38 25 28,/rt
s0340,1813120,566989,31 40 34 37 20,/rt
s0347,1793797,590493,31 28 31 30 28,/rt
s0352,1792669,590604,31 20 31 30 28,/rt
s0353,1792301,590712,8 20 31 30 28,/rt
s0355,1791294,591554,31 20 31 30 28,/rt
s0357,1790476,592417,8 20 31 30 28,/rt
s0358,1789940,594591,31 20 31 30 28,/rt
s0359,1790317,592874,8 20 31 30 28,/rt
s0360,1790567,592183,31 20 31 30 28,/rt
s0403,1806531,581218,20 29 31 31 28,/rt
s0415,1803154,574312,0 29 31 31 28,/rt
s0470,1785793,595797,31 0 0 0 0,/rt
s0471,1789358,595777,31 20 31 30 28,/rt
s0571,1805632,573275,0 29 31 31 28,/rt
s0572,1804094,574248,0 29 31 31 28,/rt
s0638,1800386,617634,31 0 0 0 0,/rt
s0639,1800439,617621,31 36 21 57 27,/rt
s0640,1803319,596805,31 37 26 34 31,/rt
s0641,1803640,596074,31 37 26 34 31,/rt
s0642,1804124,595419,31 0 0 0 0,/rt
s0643,1805464,591691,31 37 26 34 31,/rt
s0705,1804009,600650,31 37 26 34 31,/rt
s0759,1800170,617621,31 36 21 57 27,/rt
s0762,1790191,602996,31 27 31 31 28,/rt
s0763,1789221,603333,31 27 31 31 28,/rt
s0764,1788149,603580,31 27 31 31 28,/rt
s0765,1804523,600988,31 37 26 0 0,/rt
s0766,1804769,602365,31 37 26 34 31,/rt
s0873,1789735,603117,31 27 31 31 28,/rt
s1018,1790631,592077,31 20 31 30 28,/rt
s1022,1809607,591845,9 33 27 0 15,/rt
s1024,1786749,596065,31 20 31 30 28,/rt
s1028,1783888,565205,0 0 31 25 28,/rt
s1029,1784302,564089,0 0 31 25 28,/rt
s1056,1806621,573322,31 29 31 31 28,/rt
s1058,1807661,568500,31 27 31 31 28,/rt
s1059,1808874,561547,31 27 31 31 28,/rt
s1060,1809307,560536,31 27 0 0 0,/rt
s1061,1810360,559046,31 27 31 31 28,/rt
s1064,1806991,564377,31 27 31 31 28,/rt
s1065,1805830,563608,31 27 31 0 59,/rt
s1066,1807014,565753,31 27 31 31 28,/rt
s1070,1792458,604815,31 27 31 31 28,/rt
s1071,1792266,605059,31 27 31 31 28,/rt
s1073,1785266,609179,31 19 28 34 40,/rt
s1074,1787046,610387,31 19 28 34 40,/rt
s1075,1787209,610412,31 19 28 34 40,/rt
s1076,1788194,610844,31 19 28 34 40,/rt
s1077,1789160,610660,31 19 28 34 40,/rt
s1079,1790673,607926,31 19 28 34 40,/rt
s1083,1787938,622442,31 28 28 34 35,/rt
s1084,1790048,624731,31 29 28 34 37,/rt
s1085,1789022,627838,31 29 28 34 37,/rt
s1086,1789085,629136,31 29 28 34 37,/rt
s1091,1798754,581851,31 38 34 25 50,/rt
s1092,1798661,582578,31 38 34 25 49,/rt
s1093,1798497,584078,31 38 34 25 49,/rt
s1094,1799286,586520,31 38 22 37 49,/rt
s1095,1798972,586196,31 38 34 25 49,/rt
s1096,1798483,584901,31 38 34 25 49,/rt
s1107,1793045,632515,15 14 0 0 0,/bs
s1151,1793368,561228,31 25 33 55 29,/rt
s1152,1793505,561388,31 25 33 55 29,/rt
s1158,1790523,569438,14 14 0 0 0,/bs
s1164,1802220,555213,14 14 0 0 0,/bs
s1175,1784394,563827,31 39 38 25 28,/rt
s1179,1788671,603406,31 27 31 31 28,/rt
s1183,1783597,562682,31 39 38 25 28,/rt
s1194,1794558,600174,31 33 36 31 32,/rt
s1196,1789800,591055,31 28 31 30 28,/rt
s1198,1789243,590611,31 28 31 30 28,/rt
s1200,1796143,601661,31 36 31 23 41,/rt
s1201,1795967,602042,31 36 31 23 41,/rt
s1202,1809962,580891,17 29 31 31 28,/rt
s1203,1810193,580731,17 29 31 31 28,/rt
s1211,1803399,582522,31 29 31 31 28,/rt
s1212,1802739,582582,31 29 31 31 28,/rt
s1213,1801988,582750,31 29 31 31 28,/rt
s1214,1795563,583041,31 34 26 33 38,/rt
s1215,1795408,584072,31 34 26 33 38,/rt
s1216,1795532,583472,31 34 26 33 38,/rt
s1217,1796990,577283,31 32 26 33 38,/rt
s1218,1796912,576942,31 32 26 33 38,/rt
s1220,1794262,549462,31 31 35 20 37,/rt
s1225,1798169,578017,31 40 27 37 27,/rt
s1226,1797777,576286,31 40 27 37 27,/rt
s1227,1796956,573833,31 40 27 37 27,/rt
s1228,1796842,573398,31 40 27 37 27,/rt
s1229,1796540,572482,31 40 27 37 27,/rt
s1230,1794930,568143,31 40 27 37 27,/rt
s1231,1792171,563817,31 50 17 37 27,/rt
s1232,1783664,565942,31 0 77 25 28,/rt
s1233,1787238,563446,31 29 39 39 15,/rt
s1234,1786569,563790,31 29 39 39 15,/rt
s1235,1787370,563348,31 29 39 39 15,/rt
s1239,1786071,564306,31 29 39 39 15,/rt
s1240,1791338,614765,31 23 0 0 0,/rt
s1241,1791206,614039,31 29 0 0 0,/rt
s1242,1791845,612201,31 29 0 0 0,/rt
s1248,1796312,542942,35 31 35 20 37,/rt
s1250,1788468,590064,31 28 31 30 28,/rt
s1252,1787515,590232,31 0 0 0 0,/rt
s1254,1786627,590129,31 28 31 30 28,/rt
s1256,1785027,589918,31 28 31 30 28,/rt
s1268,1798273,552524,31 23 0 73 22,/rt
s1269,1801054,550592,0 35 0 0 0,/rt
s1270,1809332,560519,0 0 31 31 28,/rt
s1274,1800440,536392,0 0 27 30 32,/rt
s1346,1793674,550731,31 31 35 20 37,/rt
s1347,1793406,551555,31 31 35 20 37,/rt
s1357,1813081,581969,31 29 31 31 28,/rt
s1358,1813090,581960,31 29 31 31 28,/rt
s1359,1809814,591192,9 33 27 0 5,/rt
s1360,1809799,591191,9 33 27 0 5,/rt
s1361,1793688,620145,31 22 29 31 35,/rt
s1368,1793948,561320,31 43 15 55 29,/rt
s1373,1798097,593978,15 14 0 0 0,/bs
s1374,1789952,608953,14 14 0 0 0,/bs
s1375,1809517,588718,16 14 0 0 0,/bs
s1376,1810769,572851,16 14 0 0 0,/bs
s1382,1805114,615818,14 14 0 0 0,/bs
s1384,1781380,610159,14 14 0 0 0,/bs
s1385,1786469,599906,14 14 0 0 0,/bs
s1386,1800552,571278,14 14 0 0 0,/bs
s1387,1794931,579027,14 14 0 0 0,/bs
s1394,1786373,559241,14 14 0 0 0,/bs
